40
1600
0 0 80127
0 1 -19097
0 2 80801
0 3 20350
0 4 -31285
0 5 -7240
0 6 -61366
0 7 -28114
0 8 -67681
0 9 38103
0 10 10898
0 11 97731
0 12 628
0 13 69131
0 14 -91445
0 15 -76052
0 16 -72293
0 17 5100
0 18 -60255
0 19 41200
0 20 647
0 21 -75301
0 22 -36411
0 23 -75706
0 24 79413
0 25 -45077
0 26 -60267
0 27 -40021
0 28 51303
0 29 15530
0 30 42899
0 31 -39523
0 32 19355
0 33 6305
0 34 -49052
0 35 11068
0 36 51121
0 37 69071
0 38 21887
0 39 -1239
1 0 -89493
1 1 -19586
1 2 -81703
1 3 -14056
1 4 85586
1 5 20815
1 6 -24651
1 7 78749
1 8 -12180
1 9 -75029
1 10 -46792
1 11 -37784
1 12 81574
1 13 28271
1 14 -26514
1 15 25446
1 16 -84189
1 17 -44631
1 18 24268
1 19 -90114
1 20 -91753
1 21 44703
1 22 42741
1 23 -23946
1 24 6203
1 25 95114
1 26 -88170
1 27 -30489
1 28 -45361
1 29 18089
1 30 10355
1 31 -13445
1 32 37072
1 33 22136
1 34 68094
1 35 -36765
1 36 -5711
1 37 61804
1 38 37962
1 39 -33006
2 0 35171
2 1 -99046
2 2 -60183
2 3 53070
2 4 -31179
2 5 63096
2 6 60664
2 7 -64244
2 8 -19559
2 9 -97073
2 10 -7356
2 11 -84431
2 12 35378
2 13 40542
2 14 -39910
2 15 54819
2 16 -17941
2 17 94801
2 18 24022
2 19 -53600
2 20 -70273
2 21 53670
2 22 -94476
2 23 -54088
2 24 29250
2 25 74045
2 26 93889
2 27 21649
2 28 -12184
2 29 4617
2 30 97493
2 31 50878
2 32 55465
2 33 -30113
2 34 15738
2 35 -80980
2 36 81389
2 37 -46869
2 38 86770
2 39 47019
3 0 -66098
3 1 9062
3 2 -3048
3 3 3660
3 4 -1761
3 5 -40618
3 6 87887
3 7 -29399
3 8 -65174
3 9 -78581
3 10 75225
3 11 -26498
3 12 85282
3 13 98634
3 14 -29393
3 15 -73133
3 16 -71959
3 17 -48680
3 18 854
3 19 10400
3 20 7851
3 21 -44424
3 22 17799
3 23 23643
3 24 -69252
3 25 70560
3 26 -82924
3 27 -84518
3 28 -11626
3 29 91184
3 30 80150
3 31 89381
3 32 -58929
3 33 -48061
3 34 1369
3 35 -15256
3 36 -10216
3 37 -80895
3 38 -55291
3 39 -98355
4 0 58837
4 1 -99969
4 2 35607
4 3 -23237
4 4 -12166
4 5 52552
4 6 -45718
4 7 -16561
4 8 8953
4 9 81881
4 10 16799
4 11 -80555
4 12 8435
4 13 -19308
4 14 -12518
4 15 -20173
4 16 87488
4 17 77483
4 18 -6644
4 19 -36627
4 20 24265
4 21 74124
4 22 94301
4 23 7192
4 24 -61876
4 25 -67840
4 26 -16201
4 27 -66755
4 28 86125
4 29 9470
4 30 -29327
4 31 60138
4 32 8964
4 33 -68854
4 34 48038
4 35 -78710
4 36 78867
4 37 -37429
4 38 -18017
4 39 2343
5 0 -36727
5 1 -59524
5 2 44454
5 3 6212
5 4 -28
5 5 -58249
5 6 4483
5 7 -7985
5 8 96163
5 9 99029
5 10 -15610
5 11 -87064
5 12 -32546
5 13 37810
5 14 -29781
5 15 38289
5 16 -33665
5 17 -29659
5 18 -93938
5 19 -54702
5 20 76935
5 21 -33714
5 22 82488
5 23 65068
5 24 -24446
5 25 -70810
5 26 -18188
5 27 -51057
5 28 -29468
5 29 -99552
5 30 -557
5 31 -37805
5 32 -36589
5 33 -22093
5 34 57216
5 35 -36147
5 36 -83183
5 37 -72399
5 38 15625
5 39 -44720
6 0 -37496
6 1 -29240
6 2 -63116
6 3 62931
6 4 8226
6 5 -52240
6 6 -3688
6 7 11576
6 8 95328
6 9 -34084
6 10 -93701
6 11 17905
6 12 -62627
6 13 65429
6 14 -47781
6 15 -80075
6 16 97012
6 17 39447
6 18 -34195
6 19 -56603
6 20 -31616
6 21 31760
6 22 59869
6 23 13085
6 24 -19950
6 25 65173
6 26 76815
6 27 54117
6 28 -72304
6 29 -15650
6 30 -5954
6 31 -71392
6 32 85928
6 33 7778
6 34 -7035
6 35 94468
6 36 -11746
6 37 33815
6 38 74506
6 39 55578
7 0 -76862
7 1 -89294
7 2 4290
7 3 48415
7 4 -65135
7 5 68566
7 6 60234
7 7 21808
7 8 44623
7 9 67685
7 10 -29847
7 11 -18962
7 12 -91484
7 13 -88522
7 14 20983
7 15 -56509
7 16 62881
7 17 28417
7 18 -27701
7 19 -98453
7 20 25907
7 21 7723
7 22 -30213
7 23 63653
7 24 30787
7 25 -46074
7 26 95952
7 27 -62464
7 28 -15321
7 29 91870
7 30 96099
7 31 81303
7 32 94742
7 33 61439
7 34 60344
7 35 -17773
7 36 -82204
7 37 96397
7 38 37328
7 39 25368
8 0 -47325
8 1 -44854
8 2 65124
8 3 -57744
8 4 81196
8 5 -70495
8 6 39248
8 7 -2622
8 8 47153
8 9 82152
8 10 6059
8 11 93609
8 12 97025
8 13 62465
8 14 -73115
8 15 18320
8 16 -36710
8 17 76023
8 18 79795
8 19 -22865
8 20 -14135
8 21 77363
8 22 -13664
8 23 -73125
8 24 -31114
8 25 -2043
8 26 47736
8 27 95974
8 28 76945
8 29 38112
8 30 1704
8 31 -29769
8 32 78353
8 33 -21197
8 34 -11895
8 35 -55496
8 36 -83503
8 37 31669
8 38 -66082
8 39 -9722
9 0 63870
9 1 60286
9 2 2530
9 3 -32145
9 4 -51231
9 5 -29973
9 6 -92878
9 7 67518
9 8 34446
9 9 56332
9 10 -49412
9 11 12786
9 12 -92866
9 13 23484
9 14 -84500
9 15 13286
9 16 -99175
9 17 13875
9 18 1077
9 19 81016
9 20 4364
9 21 27103
9 22 -881
9 23 3209
9 24 14259
9 25 -85512
9 26 69488
9 27 -79389
9 28 89416
9 29 -19691
9 30 79255
9 31 -85127
9 32 -37218
9 33 2489
9 34 -57071
9 35 66883
9 36 -24521
9 37 -63321
9 38 -12710
9 39 -81256
10 0 37789
10 1 -15356
10 2 62600
10 3 36341
10 4 60010
10 5 -38102
10 6 52376
10 7 11084
10 8 -4188
10 9 -19851
10 10 26646
10 11 82013
10 12 -12114
10 13 14336
10 14 -6744
10 15 59692
10 16 -99374
10 17 -87533
10 18 -19542
10 19 -22044
10 20 65537
10 21 -44257
10 22 86871
10 23 -7953
10 24 -10375
10 25 99440
10 26 50375
10 27 26854
10 28 -42713
10 29 -35266
10 30 -47375
10 31 82108
10 32 -63280
10 33 -86098
10 34 50688
10 35 36250
10 36 61664
10 37 76033
10 38 -14262
10 39 -8062
11 0 -65420
11 1 -65393
11 2 12122
11 3 48052
11 4 -80257
11 5 -37134
11 6 -81929
11 7 45382
11 8 53134
11 9 -53121
11 10 -23226
11 11 -57176
11 12 6818
11 13 78851
11 14 57679
11 15 35452
11 16 11991
11 17 58478
11 18 61979
11 19 -11568
11 20 -51582
11 21 80108
11 22 70729
11 23 1718
11 24 6137
11 25 -41055
11 26 15765
11 27 9079
11 28 -625
11 29 82834
11 30 -66303
11 31 -56586
11 32 -9579
11 33 36819
11 34 35801
11 35 -13737
11 36 -87347
11 37 -37751
11 38 15245
11 39 -36953
12 0 -66285
12 1 -35212
12 2 -72686
12 3 39848
12 4 67489
12 5 31558
12 6 7716
12 7 62868
12 8 -17303
12 9 9299
12 10 -21556
12 11 86977
12 12 60771
12 13 28853
12 14 62482
12 15 97474
12 16 -29576
12 17 -25228
12 18 33861
12 19 -83934
12 20 -3406
12 21 38130
12 22 68674
12 23 72000
12 24 -10225
12 25 -56613
12 26 85582
12 27 -16991
12 28 65708
12 29 -28351
12 30 -25972
12 31 -93030
12 32 -32816
12 33 31172
12 34 53738
12 35 20895
12 36 88662
12 37 86135
12 38 48230
12 39 19795
13 0 -57970
13 1 2471
13 2 -66509
13 3 -27972
13 4 -28175
13 5 36791
13 6 -47673
13 7 -59747
13 8 -36003
13 9 91656
13 10 65525
13 11 35527
13 12 -99468
13 13 20083
13 14 -8680
13 15 46900
13 16 -79688
13 17 15554
13 18 60115
13 19 251
13 20 72210
13 21 43001
13 22 -7867
13 23 -3857
13 24 39078
13 25 63155
13 26 61997
13 27 -91212
13 28 11399
13 29 -68213
13 30 25882
13 31 -93907
13 32 -53214
13 33 65081
13 34 -26140
13 35 74962
13 36 43146
13 37 23272
13 38 -98390
13 39 -37335
14 0 -98607
14 1 58833
14 2 -351
14 3 65560
14 4 9781
14 5 98667
14 6 60026
14 7 -3903
14 8 -90091
14 9 88947
14 10 24248
14 11 11209
14 12 -81462
14 13 67425
14 14 60150
14 15 -38606
14 16 82101
14 17 -52467
14 18 98438
14 19 -52562
14 20 -53498
14 21 83840
14 22 32880
14 23 -75928
14 24 13223
14 25 -2312
14 26 -33868
14 27 69080
14 28 16126
14 29 -94794
14 30 34685
14 31 90452
14 32 31889
14 33 73962
14 34 -12696
14 35 -48421
14 36 42725
14 37 -19746
14 38 69051
14 39 -11809
15 0 27549
15 1 12712
15 2 -22142
15 3 25471
15 4 -85217
15 5 99486
15 6 60192
15 7 -37161
15 8 -34852
15 9 48355
15 10 95598
15 11 -15981
15 12 97766
15 13 -20999
15 14 -93012
15 15 -31940
15 16 -37035
15 17 93166
15 18 16797
15 19 40831
15 20 28553
15 21 -76838
15 22 -80058
15 23 -25958
15 24 74648
15 25 -91418
15 26 37004
15 27 -19223
15 28 42873
15 29 11539
15 30 29445
15 31 95644
15 32 3877
15 33 -61516
15 34 12006
15 35 62813
15 36 2526
15 37 -45672
15 38 -82400
15 39 82284
16 0 89326
16 1 -37472
16 2 -33437
16 3 -65568
16 4 62501
16 5 50849
16 6 82216
16 7 36598
16 8 -40970
16 9 -83111
16 10 -95658
16 11 -73946
16 12 -22102
16 13 -1587
16 14 -36096
16 15 -11588
16 16 69285
16 17 99620
16 18 22061
16 19 25207
16 20 89300
16 21 -58603
16 22 57408
16 23 83713
16 24 -89592
16 25 8517
16 26 -42798
16 27 -43406
16 28 -65277
16 29 -62982
16 30 -45800
16 31 -57184
16 32 -65564
16 33 29017
16 34 -15101
16 35 16544
16 36 -15623
16 37 -84131
16 38 -86255
16 39 -49492
17 0 -32494
17 1 88030
17 2 -17607
17 3 93064
17 4 -55202
17 5 27180
17 6 -15429
17 7 -41678
17 8 -97609
17 9 57141
17 10 -66214
17 11 85067
17 12 -62303
17 13 -38756
17 14 78519
17 15 14396
17 16 97586
17 17 -59163
17 18 21707
17 19 -71031
17 20 23913
17 21 -85967
17 22 97011
17 23 -20505
17 24 -12284
17 25 39207
17 26 4961
17 27 -69816
17 28 8502
17 29 -10272
17 30 -8575
17 31 -41834
17 32 -98686
17 33 63090
17 34 9959
17 35 -57279
17 36 8899
17 37 -12042
17 38 -14881
17 39 37475
18 0 34951
18 1 53007
18 2 -72724
18 3 -5185
18 4 -78522
18 5 -81757
18 6 88120
18 7 -15112
18 8 -69265
18 9 -82743
18 10 -22688
18 11 -79475
18 12 -72682
18 13 -43530
18 14 34995
18 15 33305
18 16 66522
18 17 -30405
18 18 14668
18 19 -77460
18 20 -51337
18 21 -14730
18 22 40148
18 23 53650
18 24 -65384
18 25 71770
18 26 -71506
18 27 -62995
18 28 63691
18 29 -23015
18 30 -77542
18 31 32740
18 32 32370
18 33 -9429
18 34 68241
18 35 -85138
18 36 86862
18 37 23995
18 38 -80894
18 39 26791
19 0 81877
19 1 -26303
19 2 -80120
19 3 -17590
19 4 -50940
19 5 9525
19 6 -52082
19 7 -68460
19 8 98521
19 9 73671
19 10 -27090
19 11 -92665
19 12 -52058
19 13 -28257
19 14 34897
19 15 57552
19 16 85259
19 17 47550
19 18 90672
19 19 47946
19 20 -20691
19 21 -3977
19 22 72141
19 23 53208
19 24 36633
19 25 91412
19 26 89701
19 27 65132
19 28 -10909
19 29 83875
19 30 -53287
19 31 35890
19 32 -18693
19 33 -16204
19 34 -78022
19 35 -13071
19 36 -81416
19 37 -26873
19 38 84508
19 39 43015
20 0 34413
20 1 35745
20 2 -76268
20 3 -96891
20 4 59290
20 5 -31970
20 6 -16121
20 7 -76362
20 8 61344
20 9 70188
20 10 23194
20 11 -9710
20 12 39514
20 13 -38139
20 14 11295
20 15 -23573
20 16 58582
20 17 7560
20 18 -38924
20 19 87248
20 20 6520
20 21 96557
20 22 -11471
20 23 93935
20 24 -7772
20 25 76793
20 26 4684
20 27 54450
20 28 -19109
20 29 79417
20 30 79724
20 31 45660
20 32 52625
20 33 -18
20 34 51160
20 35 77300
20 36 31889
20 37 70526
20 38 -23541
20 39 27151
21 0 98558
21 1 -51694
21 2 -29757
21 3 -68046
21 4 -43705
21 5 -4482
21 6 7441
21 7 -62061
21 8 27432
21 9 -27498
21 10 23813
21 11 39914
21 12 -1150
21 13 -93290
21 14 1680
21 15 -94209
21 16 -8121
21 17 26196
21 18 -70175
21 19 50508
21 20 -25815
21 21 85451
21 22 -68859
21 23 -78057
21 24 -65780
21 25 93433
21 26 -77874
21 27 -66584
21 28 -70909
21 29 -8003
21 30 -56899
21 31 78760
21 32 -16417
21 33 9542
21 34 -5058
21 35 -59629
21 36 55897
21 37 76365
21 38 -26225
21 39 -44639
22 0 1014
22 1 -64520
22 2 57678
22 3 -64310
22 4 -19167
22 5 -53113
22 6 32874
22 7 -39253
22 8 38432
22 9 -31651
22 10 -92474
22 11 49403
22 12 -66868
22 13 23165
22 14 21802
22 15 -19984
22 16 -72481
22 17 -81265
22 18 2495
22 19 45335
22 20 59273
22 21 -43697
22 22 -85444
22 23 -20659
22 24 18791
22 25 31309
22 26 24079
22 27 -186
22 28 96797
22 29 -56888
22 30 24811
22 31 -79449
22 32 -34073
22 33 94193
22 34 71304
22 35 82045
22 36 69307
22 37 -63431
22 38 -22858
22 39 -44108
23 0 -45452
23 1 48096
23 2 32126
23 3 5721
23 4 -22256
23 5 -40791
23 6 -49973
23 7 5194
23 8 77924
23 9 28746
23 10 -87042
23 11 -38065
23 12 46306
23 13 89830
23 14 -52562
23 15 -97461
23 16 -12891
23 17 74864
23 18 75411
23 19 -31332
23 20 82076
23 21 -31214
23 22 -13945
23 23 -41974
23 24 -70162
23 25 31312
23 26 -63595
23 27 50504
23 28 613
23 29 74600
23 30 91785
23 31 -41517
23 32 51034
23 33 -44561
23 34 53477
23 35 -72428
23 36 53226
23 37 46269
23 38 78279
23 39 -50223
24 0 18083
24 1 43356
24 2 80909
24 3 -47680
24 4 -13547
24 5 22781
24 6 -93545
24 7 -90444
24 8 -43368
24 9 25417
24 10 -99579
24 11 92980
24 12 -16244
24 13 31871
24 14 75223
24 15 31585
24 16 -37970
24 17 -15049
24 18 34060
24 19 56913
24 20 18671
24 21 -25626
24 22 65361
24 23 81088
24 24 -65134
24 25 43040
24 26 -4757
24 27 26947
24 28 69440
24 29 65572
24 30 89818
24 31 75686
24 32 -80647
24 33 48801
24 34 56105
24 35 -27853
24 36 -64024
24 37 44765
24 38 79069
24 39 50931
25 0 -92481
25 1 -5468
25 2 -45449
25 3 -46747
25 4 93706
25 5 16644
25 6 -64624
25 7 68685
25 8 91165
25 9 92635
25 10 -46767
25 11 78477
25 12 87651
25 13 -28798
25 14 55160
25 15 -76572
25 16 27370
25 17 3406
25 18 -55657
25 19 -19296
25 20 -66267
25 21 89503
25 22 84351
25 23 -20403
25 24 30226
25 25 -94467
25 26 25064
25 27 -96664
25 28 56154
25 29 -32559
25 30 -79453
25 31 -18179
25 32 -89631
25 33 20603
25 34 -95523
25 35 -61139
25 36 92576
25 37 84543
25 38 -89048
25 39 -71299
26 0 37019
26 1 33325
26 2 -72286
26 3 -46126
26 4 -10937
26 5 94617
26 6 56317
26 7 86104
26 8 -84399
26 9 96637
26 10 -44167
26 11 -97737
26 12 23798
26 13 90468
26 14 -91476
26 15 82192
26 16 -47537
26 17 -4967
26 18 75616
26 19 -64993
26 20 -54546
26 21 7921
26 22 63498
26 23 40272
26 24 51568
26 25 -7120
26 26 15185
26 27 -35879
26 28 -4547
26 29 -33564
26 30 23747
26 31 91670
26 32 -22861
26 33 -98554
26 34 -24482
26 35 -51336
26 36 28044
26 37 -4792
26 38 -33995
26 39 -8132
27 0 -81846
27 1 78697
27 2 34401
27 3 -13881
27 4 -78746
27 5 80589
27 6 -77913
27 7 -59793
27 8 52470
27 9 38433
27 10 58410
27 11 39543
27 12 -77587
27 13 84058
27 14 88186
27 15 73256
27 16 -76571
27 17 -15551
27 18 -32486
27 19 98477
27 20 -71126
27 21 81381
27 22 64752
27 23 27692
27 24 93874
27 25 -94109
27 26 60347
27 27 41205
27 28 -16321
27 29 40601
27 30 17782
27 31 -2519
27 32 -47673
27 33 57788
27 34 61912
27 35 45088
27 36 -2836
27 37 -42376
27 38 765
27 39 95567
28 0 5545
28 1 -58915
28 2 63615
28 3 -66260
28 4 71945
28 5 46698
28 6 12799
28 7 -49238
28 8 -73160
28 9 35520
28 10 -85692
28 11 38495
28 12 -65834
28 13 95415
28 14 50371
28 15 73208
28 16 -97644
28 17 64099
28 18 90038
28 19 -91959
28 20 92767
28 21 93396
28 22 15818
28 23 -81118
28 24 58381
28 25 -49751
28 26 85308
28 27 44059
28 28 -95396
28 29 -4718
28 30 -66265
28 31 26702
28 32 -32956
28 33 -87647
28 34 55183
28 35 89245
28 36 66663
28 37 72126
28 38 20388
28 39 -89416
29 0 29866
29 1 -15085
29 2 18179
29 3 36176
29 4 6985
29 5 84080
29 6 -73960
29 7 74758
29 8 -31194
29 9 39825
29 10 23255
29 11 31949
29 12 78432
29 13 79190
29 14 -7868
29 15 -14630
29 16 71124
29 17 23981
29 18 -60195
29 19 -57179
29 20 82259
29 21 53737
29 22 76979
29 23 13431
29 24 57447
29 25 16024
29 26 28812
29 27 -58907
29 28 44488
29 29 71395
29 30 36338
29 31 13991
29 32 89222
29 33 14364
29 34 77613
29 35 60185
29 36 92186
29 37 60025
29 38 -46435
29 39 -87387
30 0 59168
30 1 53223
30 2 -76909
30 3 -45916
30 4 -98650
30 5 -70763
30 6 -37451
30 7 -32884
30 8 23525
30 9 76983
30 10 96893
30 11 32270
30 12 22747
30 13 -72429
30 14 46433
30 15 -39267
30 16 60901
30 17 -19287
30 18 55648
30 19 60121
30 20 -30454
30 21 -52580
30 22 -42950
30 23 -76519
30 24 999
30 25 -9428
30 26 -86496
30 27 68622
30 28 84074
30 29 -61198
30 30 34968
30 31 -26707
30 32 -29545
30 33 95510
30 34 81855
30 35 -89991
30 36 56017
30 37 73266
30 38 -6774
30 39 -14652
31 0 80482
31 1 59758
31 2 70149
31 3 19921
31 4 -56025
31 5 71794
31 6 75866
31 7 -46691
31 8 59469
31 9 23444
31 10 81894
31 11 21170
31 12 12100
31 13 -21105
31 14 -1379
31 15 70798
31 16 -38073
31 17 76646
31 18 64996
31 19 -10534
31 20 42024
31 21 54192
31 22 -9379
31 23 30799
31 24 -16194
31 25 -87295
31 26 86379
31 27 2489
31 28 -43126
31 29 14219
31 30 43063
31 31 80450
31 32 1306
31 33 -91448
31 34 32939
31 35 70235
31 36 74289
31 37 88889
31 38 -98604
31 39 4188
32 0 9847
32 1 -10714
32 2 29456
32 3 92243
32 4 -11753
32 5 2827
32 6 -11169
32 7 84584
32 8 -4601
32 9 -15497
32 10 83100
32 11 76096
32 12 -63201
32 13 -25454
32 14 -64629
32 15 -1182
32 16 -95075
32 17 -49445
32 18 -48010
32 19 81190
32 20 46992
32 21 -83759
32 22 35495
32 23 59962
32 24 23237
32 25 84574
32 26 44854
32 27 14081
32 28 15578
32 29 -84787
32 30 60381
32 31 -47077
32 32 -53020
32 33 40746
32 34 -47735
32 35 -64483
32 36 26730
32 37 47065
32 38 -61286
32 39 51506
33 0 89548
33 1 44040
33 2 -21996
33 3 -91568
33 4 65843
33 5 96515
33 6 -22914
33 7 81264
33 8 -49427
33 9 72681
33 10 86786
33 11 64389
33 12 -97779
33 13 31034
33 14 -50551
33 15 -74126
33 16 -68242
33 17 -89554
33 18 -44424
33 19 -53030
33 20 81941
33 21 17961
33 22 31781
33 23 55360
33 24 -40791
33 25 -97249
33 26 -6274
33 27 -40167
33 28 -99389
33 29 40668
33 30 -76381
33 31 -55928
33 32 60322
33 33 -77868
33 34 37422
33 35 20236
33 36 -76615
33 37 76490
33 38 46967
33 39 43753
34 0 17338
34 1 90357
34 2 -90829
34 3 31835
34 4 32784
34 5 -92937
34 6 61551
34 7 33265
34 8 -85429
34 9 -22279
34 10 -1615
34 11 67538
34 12 -23118
34 13 -28504
34 14 96709
34 15 3522
34 16 -49129
34 17 -54010
34 18 721
34 19 18697
34 20 58995
34 21 -61513
34 22 72578
34 23 -34048
34 24 8627
34 25 -93821
34 26 -48650
34 27 93598
34 28 42974
34 29 83881
34 30 -34701
34 31 28136
34 32 -95768
34 33 -37101
34 34 -13200
34 35 -55096
34 36 -34532
34 37 16880
34 38 67990
34 39 -50451
35 0 43355
35 1 -38700
35 2 -1241
35 3 -85123
35 4 92924
35 5 95660
35 6 -84926
35 7 53074
35 8 35163
35 9 -9578
35 10 -76358
35 11 4002
35 12 2194
35 13 -83792
35 14 -36638
35 15 44999
35 16 81738
35 17 59654
35 18 8788
35 19 -65451
35 20 1759
35 21 67567
35 22 -90174
35 23 -64960
35 24 -91579
35 25 -61625
35 26 -11107
35 27 -5414
35 28 90357
35 29 55049
35 30 5141
35 31 22172
35 32 -38600
35 33 84977
35 34 -23549
35 35 25011
35 36 32032
35 37 90416
35 38 -13199
35 39 59143
36 0 84384
36 1 -66880
36 2 51647
36 3 -56186
36 4 -55736
36 5 5194
36 6 78202
36 7 -3773
36 8 -39498
36 9 -46931
36 10 -31328
36 11 -13872
36 12 91884
36 13 68861
36 14 -48709
36 15 51929
36 16 9185
36 17 -73851
36 18 -9331
36 19 62181
36 20 -44082
36 21 50824
36 22 -51519
36 23 -24019
36 24 -62132
36 25 -35370
36 26 69932
36 27 27597
36 28 -20991
36 29 -52261
36 30 -97053
36 31 59959
36 32 -34830
36 33 -15571
36 34 14645
36 35 86242
36 36 -31776
36 37 49478
36 38 -44514
36 39 16350
37 0 25772
37 1 27532
37 2 17047
37 3 -14312
37 4 -82313
37 5 -25540
37 6 -84036
37 7 -84975
37 8 -65396
37 9 -86177
37 10 17694
37 11 -36842
37 12 89472
37 13 -64673
37 14 58732
37 15 49830
37 16 -99883
37 17 -68477
37 18 89560
37 19 -40339
37 20 16725
37 21 -89489
37 22 -20451
37 23 -16722
37 24 7864
37 25 -77209
37 26 -59212
37 27 91022
37 28 90906
37 29 95972
37 30 -31575
37 31 86076
37 32 -88079
37 33 -39826
37 34 -34871
37 35 -38132
37 36 36154
37 37 -69132
37 38 65121
37 39 -28344
38 0 25750
38 1 75735
38 2 5938
38 3 22598
38 4 84507
38 5 -53735
38 6 -26174
38 7 70139
38 8 15770
38 9 -36463
38 10 22334
38 11 -50716
38 12 -74509
38 13 82990
38 14 -15774
38 15 -99140
38 16 -3408
38 17 72236
38 18 -58312
38 19 -17335
38 20 91021
38 21 -61851
38 22 77627
38 23 98952
38 24 14
38 25 8336
38 26 -18795
38 27 -6664
38 28 71992
38 29 85888
38 30 -84816
38 31 73639
38 32 -72106
38 33 42015
38 34 -97311
38 35 -82741
38 36 54543
38 37 -75457
38 38 6721
38 39 -93790
39 0 -73797
39 1 -57798
39 2 21278
39 3 -72546
39 4 -8871
39 5 -12765
39 6 -39458
39 7 91401
39 8 -21969
39 9 -49204
39 10 -40247
39 11 68479
39 12 34003
39 13 -69624
39 14 -35102
39 15 -62800
39 16 26470
39 17 91707
39 18 99087
39 19 30234
39 20 38641
39 21 -96485
39 22 -54939
39 23 -62630
39 24 11297
39 25 67459
39 26 -5166
39 27 -16162
39 28 -60312
39 29 91352
39 30 19840
39 31 9862
39 32 31062
39 33 -14340
39 34 58041
39 35 51112
39 36 -90859
39 37 69309
39 38 -24063
39 39 -72244
14
10 0 3 362
39 11 3 629
11 7 6 985
15 30 3 213
10 26 1 467
32 27 4 412
4 34 1 706
32 18 8 148
7 39 3 519
12 6 10 514
30 29 3 105
28 13 4 163
25 28 5 909
6 11 8 96
